latitude,longitude,altitude,gs,timestamp,fix_quality
-19.87036514,-43.96279525,139.77,0.00,1776431141000,1
-19.87038040,-43.96279525,139.76,0.00,1776431141400,1
-19.87038040,-43.96277618,134.59,0.00,1776431141599,1
-19.87038040,-43.96277618,134.59,0.00,1776431141599,1
-19.87038040,-43.96277618,134.59,0.00,1776431141599,1
-19.87038040,-43.96277618,134.58,0.00,1776431141599,1
-19.87038040,-43.96277618,134.58,0.00,1776431141599,1
-19.87038040,-43.96277618,134.58,0.00,1776431141599,1
-19.87038040,-43.96277618,134.57,0.00,1776431142799,1
-19.87038040,-43.96277618,134.35,0.00,1776431142799,1
-19.87038421,-43.96277618,134.35,0.00,1776431142799,1
-19.87038421,-43.96277236,134.34,0.00,1776431143200,1
-19.87038421,-43.96277236,134.34,0.00,1776431143599,1
-19.87038421,-43.96277236,134.34,0.00,1776431143599,1
-19.87038421,-43.96277236,134.34,0.00,1776431143599,1
-19.87038803,-43.96277236,134.33,0.00,1776431144200,1
-19.87038803,-43.96276855,134.53,0.00,1776431144400,1
-19.87038803,-43.96276855,134.53,0.00,1776431144400,1
-19.87038803,-43.96276855,134.53,0.00,1776431144400,1
-19.87038803,-43.96276855,134.53,0.00,1776431144400,1
-19.87038803,-43.96276855,134.52,357.06,1776431145200,1
-19.87038993,-43.96276855,134.52,338.17,1776431145400,1
-19.87038993,-43.96276855,134.52,361.14,1776431145599,1
-19.87038993,-43.96276855,134.52,361.14,1776431145599,1
-19.87038993,-43.96276855,134.57,331.13,1776431146000,1
-19.87038993,-43.96276855,134.57,0.00,1776431146200,1
-19.87038993,-43.96276855,134.57,0.00,1776431146400,1
-19.87038993,-43.96276855,134.57,0.00,1776431146400,1
-19.87039184,-43.96276855,134.56,0.00,1776431146400,1
-19.87039184,-43.96276855,134.43,0.00,1776431147000,1
-19.87039184,-43.96276855,134.43,0.00,1776431147000,1
-19.87039184,-43.96276855,134.43,0.00,1776431147200,1
-19.87039184,-43.96276855,134.43,0.00,1776431147200,1
-19.87039184,-43.96276855,134.43,0.00,1776431147200,1
-19.87038993,-43.96276855,134.43,0.00,1776431147200,1
-19.87038993,-43.96276855,134.43,0.00,1776431148200,1
-19.87038993,-43.96276855,134.43,0.00,1776431148200,1
-19.87033271,-43.96276855,134.43,0.00,1776431148200,1
-19.87033271,-43.96282196,152.49,0.00,1776431148799,1
-19.87033271,-43.96282196,152.49,0.00,1776431149000,1
-19.87033271,-43.96282196,152.49,0.00,1776431149000,1
-19.87033271,-43.96282196,152.49,0.00,1776431149000,1
-19.87031173,-43.96282196,152.49,0.00,1776431149000,1
-19.87031173,-43.96284484,158.98,0.00,1776431149799,1
-19.87031173,-43.96284484,158.98,0.00,1776431149799,1
-19.87031173,-43.96284484,158.98,0.00,1776431149799,1
-19.87030982,-43.96284484,158.98,0.00,1776431150400,1
-19.87030982,-43.96284484,158.97,0.00,1776431150599,1
-19.87030982,-43.96284484,158.97,0.00,1776431150599,1
-19.87030792,-43.96284484,158.97,0.00,1776431150599,1
-19.87030792,-43.96285629,158.97,0.00,1776431151200,1
-19.87030792,-43.96285629,158.97,0.00,1776431151200,1
-19.87030792,-43.96285629,161.80,0.00,1776431151400,1
-19.87030792,-43.96285629,161.80,0.00,1776431151400,1
-19.87030792,-43.96285629,161.81,64.26,1776431151799,1
-19.87030792,-43.96285629,161.81,0.00,1776431152200,1
-19.87030792,-43.96285629,161.81,0.00,1776431152200,1
-19.87030792,-43.96285629,161.82,0.00,1776431152200,1
-19.87030792,-43.96286010,162.73,0.00,1776431152799,1
-19.87030792,-43.96286010,162.73,0.00,1776431152799,1
-19.87030792,-43.96286010,162.73,0.00,1776431152799,1
-19.87030982,-43.96286010,162.73,0.00,1776431153400,1
-19.87030982,-43.96286010,162.74,0.00,1776431153599,1
-19.87030982,-43.96286010,162.74,0.00,1776431153599,1
-19.87030982,-43.96286010,162.74,0.00,1776431153599,1
-19.87030982,-43.96286392,162.74,0.00,1776431154200,1
-19.87030982,-43.96286392,162.74,0.00,1776431154200,1
-19.87030982,-43.96286392,162.74,0.00,1776431154200,1
-19.87030982,-43.96286392,162.74,0.00,1776431154200,1
-19.87030982,-43.96286392,162.15,0.00,1776431155000,1
-19.87030982,-43.96286392,162.15,0.00,1776431155000,1
-19.87031173,-43.96286392,162.15,0.00,1776431155000,1
-19.87031173,-43.96286773,162.09,0.00,1776431155400,1
-19.87031173,-43.96286773,162.09,0.00,1776431155799,1
-19.87031173,-43.96286773,162.09,0.00,1776431155799,1
-19.87031173,-43.96286773,162.09,0.00,1776431155799,1
-19.87031173,-43.96286773,162.09,0.00,1776431156400,1
-19.87031173,-43.96286773,162.09,0.00,1776431156400,1
-19.87031555,-43.96286773,162.09,0.00,1776431156400,1
-19.87031555,-43.96287536,162.23,20.55,1776431156799,1
-19.87031555,-43.96287536,162.23,20.55,1776431156799,1
-19.87031364,-43.96287536,162.23,20.55,1776431156799,1
-19.87031364,-43.96287536,162.23,0.00,1776431157599,1
-19.87031364,-43.96287536,162.23,0.00,1776431157599,1
-19.87031364,-43.96287536,162.23,0.00,1776431157599,1
-19.87031364,-43.96287536,162.23,0.00,1776431157599,1
-19.87031555,-43.96287536,162.23,0.00,1776431157599,1
-19.87031555,-43.96287536,161.87,0.00,1776431158400,1
-19.87031555,-43.96287536,161.87,0.00,1776431158799,1
-19.87031555,-43.96287536,161.87,0.00,1776431158799,1
-19.87031555,-43.96287536,161.87,0.00,1776431158799,1
-19.87031555,-43.96287536,161.87,0.00,1776431159400,1
-19.87031555,-43.96287536,161.87,0.00,1776431159400,1
-19.87031173,-43.96287536,161.87,0.00,1776431159400,1
-19.87031173,-43.96287536,161.94,0.00,1776431160000,1
-19.87031173,-43.96287536,161.94,0.00,1776431160000,1
-19.87031173,-43.96287536,161.94,0.00,1776431160000,1
-19.87031173,-43.96287536,161.94,0.00,1776431160000,1
-19.87031173,-43.96287536,161.94,0.00,1776431160000,1
-19.87031173,-43.96287536,161.94,0.00,1776431160800,1
-19.87030792,-43.96287536,161.94,0.00,1776431160800,1
-19.87030792,-43.96287155,162.81,0.00,1776431161399,1
-19.87030792,-43.96287155,162.81,0.00,1776431161399,1
-19.87030792,-43.96287155,162.81,0.00,1776431161399,1
-19.87030792,-43.96287155,162.81,0.00,1776431161399,1
-19.87030792,-43.96287155,162.81,0.00,1776431162400,1
-19.87030792,-43.96287155,162.81,0.00,1776431162400,1
-19.87030601,-43.96287155,162.81,0.00,1776431162400,1
-19.87030601,-43.96287155,163.46,0.00,1776431162799,1
-19.87030601,-43.96287155,163.46,0.00,1776431162799,1
-19.87030601,-43.96287155,163.46,0.00,1776431162799,1
-19.87030601,-43.96287155,163.46,0.00,1776431163400,1
-19.87030601,-43.96287155,163.46,0.00,1776431163799,1
-19.87030601,-43.96287155,163.46,0.00,1776431163799,1
-19.87030601,-43.96287155,163.46,0.00,1776431163799,1
-19.87030601,-43.96287536,163.27,0.00,1776431164199,1
-19.87030601,-43.96287536,163.27,0.00,1776431164599,1
-19.87030601,-43.96287536,163.27,0.00,1776431164599,1
-19.87030601,-43.96287536,163.27,0.00,1776431164800,1
-19.87030601,-43.96287536,163.27,0.00,1776431164800,1
-19.87030601,-43.96287536,163.27,0.00,1776431164800,1
-19.87030601,-43.96287536,163.27,0.00,1776431165400,1
-19.87030220,-43.96287536,163.27,0.00,1776431165400,1
-19.87030220,-43.96287536,162.78,0.00,1776431165800,1
-19.87030220,-43.96287536,162.78,0.00,1776431165800,1
-19.87030220,-43.96287536,162.78,0.00,1776431165800,1
-19.87030220,-43.96287536,162.78,0.00,1776431166400,1
-19.87030220,-43.96287536,162.77,262.42,1776431166800,1
-19.87030220,-43.96287536,162.77,262.42,1776431166800,1
-19.87030220,-43.96287536,162.77,262.42,1776431166800,1
-19.87030220,-43.96287536,162.77,262.42,1776431166800,1
-19.87030220,-43.96287536,162.77,262.42,1776431166800,1
-19.87030220,-43.96287536,162.77,262.42,1776431166800,1
-19.87030220,-43.96287536,162.77,262.42,1776431166800,1
-19.87029647,-43.96287536,162.77,262.42,1776431166800,1
-19.87029647,-43.96287536,161.95,0.00,1776431168199,1
-19.87029647,-43.96287536,161.95,0.00,1776431168199,1
-19.87029075,-43.96287536,161.95,0.00,1776431168199,1
-19.87029075,-43.96287536,161.95,0.00,1776431168800,1
-19.87028884,-43.96287536,161.26,604.86,1776431169199,1
-19.87028884,-43.96287536,161.26,605.04,1776431169399,1
-19.87028884,-43.96287536,161.26,600.97,1776431169600,1
-19.87028884,-43.96287536,161.26,600.97,1776431169600,1
-19.87028884,-43.96287536,161.26,600.97,1776431169600,1
-19.87028884,-43.96287536,161.26,600.97,1776431169600,1
-19.87028884,-43.96287536,161.47,240.57,1776431170399,1
-19.87028884,-43.96287536,161.47,240.57,1776431170399,1
-19.87028884,-43.96287536,161.47,239.64,1776431170600,1
-19.87028884,-43.96287536,161.47,239.64,1776431170600,1
-19.87029075,-43.96287536,161.46,239.64,1776431170600,1
-19.87029075,-43.96287536,161.46,311.69,1776431171399,1
-19.87029075,-43.96287536,161.46,311.69,1776431171399,1
-19.87029075,-43.96287536,161.46,311.69,1776431171399,1
-19.87029075,-43.96287536,161.22,311.69,1776431171399,1
-19.87028884,-43.96287536,161.22,311.69,1776431171399,1
-19.87028884,-43.96287536,161.22,355.95,1776431172399,1
-19.87028884,-43.96287536,161.22,362.80,1776431172600,1
-19.87028884,-43.96287536,161.22,362.80,1776431172600,1
-19.87028884,-43.96287536,161.22,362.80,1776431172600,1
-19.87028884,-43.96287536,161.22,362.80,1776431172600,1
-19.87029457,-43.96287536,161.22,362.80,1776431172600,1
-19.87029457,-43.96287536,161.03,0.00,1776431173600,1
-19.87029457,-43.96287536,161.03,0.00,1776431173600,1
-19.87029457,-43.96287536,161.03,0.00,1776431173600,1
-19.87029457,-43.96287536,161.02,203.90,1776431174199,1
-19.87029647,-43.96287536,161.02,203.90,1776431174199,1
-19.87029647,-43.96287536,161.02,225.01,1776431174600,1
-19.87029647,-43.96287536,161.02,230.57,1776431174800,1
-19.87030410,-43.96287536,161.02,230.57,1776431174800,1
-19.87030601,-43.96287155,160.84,235.75,1776431175199,1
-19.87030601,-43.96286773,160.84,255.57,1776431175600,1
-19.87030601,-43.96286773,160.85,245.01,1776431175800,1
-19.87030601,-43.96286773,160.85,245.01,1776431175800,1
-19.87030792,-43.96286773,160.86,245.01,1776431175800,1
-19.87030792,-43.96286392,160.86,260.94,1776431176399,1
-19.87031745,-43.96286392,160.86,260.94,1776431176399,1
-19.87031745,-43.96286392,160.91,262.98,1776431176799,1
-19.87031745,-43.96286392,160.91,262.98,1776431176799,1
-19.87032127,-43.96286392,160.91,262.98,1776431176799,1
-19.87032127,-43.96286773,160.92,358.73,1776431177399,1
-19.87032127,-43.96286773,160.92,358.73,1776431177399,1
-19.87032127,-43.96286773,160.92,358.73,1776431177399,1
-19.87032127,-43.96286773,160.92,358.73,1776431177399,1
-19.87032890,-43.96286773,160.91,358.73,1776431177399,1
-19.87032890,-43.96286392,160.81,402.06,1776431178399,1
-19.87033081,-43.96286392,160.81,402.06,1776431178399,1
-19.87033081,-43.96286773,160.79,415.95,1776431178799,1
-19.87033081,-43.96286773,160.79,415.95,1776431178799,1
-19.87033462,-43.96286773,160.79,415.95,1776431178799,1
-19.87033462,-43.96287155,160.76,394.29,1776431179399,1
-19.87033462,-43.96287155,160.76,394.29,1776431179399,1
-19.87033843,-43.96287155,160.76,394.29,1776431179399,1
-19.87033843,-43.96286773,160.76,411.14,1776431180000,1
-19.87033843,-43.96286773,160.76,411.14,1776431180000,1
-19.87034225,-43.96286773,160.76,411.14,1776431180000,1
-19.87034225,-43.96287536,160.81,397.43,1776431180600,1
-19.87034416,-43.96287536,160.81,397.43,1776431180600,1
-19.87034416,-43.96287536,160.81,398.55,1776431180799,1
-19.87034797,-43.96287536,160.81,398.55,1776431180799,1
-19.87034797,-43.96287536,160.78,411.69,1776431181200,1
-19.87034797,-43.96287536,160.78,411.69,1776431181200,1
-19.87034797,-43.96287536,160.78,411.69,1776431181200,1
-19.87034797,-43.96287918,161.19,418.36,1776431182000,1
-19.87034797,-43.96287918,161.19,418.36,1776431182000,1
-19.87034988,-43.96287918,161.19,418.36,1776431182000,1
-19.87035179,-43.96288299,161.19,422.62,1776431182600,1
-19.87035179,-43.96288681,161.18,414.66,1776431183000,1
-19.87035179,-43.96288681,161.18,414.66,1776431183000,1
-19.87035560,-43.96288681,161.18,414.66,1776431183000,1
-19.87035751,-43.96289062,161.54,419.29,1776431183600,1
-19.87035751,-43.96289443,161.53,409.29,1776431183799,1
-19.87035751,-43.96289443,161.53,409.29,1776431183799,1
-19.87035751,-43.96289443,161.52,409.29,1776431183799,1
-19.87035751,-43.96289443,161.52,409.29,1776431183799,1
-19.87035751,-43.96289443,161.52,409.29,1776431183799,1
-19.87035751,-43.96289825,161.95,417.25,1776431184799,1
-19.87035751,-43.96289825,161.95,417.25,1776431184799,1
-19.87036132,-43.96289825,161.95,417.25,1776431184799,1
-19.87036132,-43.96290206,161.91,408.73,1776431185399,1
-19.87036323,-43.96290206,161.91,408.73,1776431185399,1
-19.87036514,-43.96290588,161.89,416.70,1776431185799,1
-19.87036514,-43.96290588,161.89,421.51,1776431186000,1
-19.87036705,-43.96290588,161.89,421.51,1776431186000,1
-19.87036895,-43.96290969,162.09,423.55,1776431186399,1
-19.87037277,-43.96291351,162.08,416.14,1776431186600,1
-19.87037277,-43.96291351,162.04,415.77,1776431187000,1
-19.87037277,-43.96291351,162.04,415.77,1776431187000,1
-19.87037658,-43.96291351,162.04,415.77,1776431187000,1
-19.87037658,-43.96291732,161.97,414.47,1776431187600,1
-19.87037849,-43.96291732,161.97,414.47,1776431187600,1
-19.87037849,-43.96292495,162.38,415.03,1776431188000,1
-19.87037849,-43.96292495,162.38,415.03,1776431188000,1
-19.87038230,-43.96292495,162.38,415.03,1776431188000,1
-19.87038230,-43.96292877,162.30,435.03,1776431188600,1
-19.87038230,-43.96292877,162.30,435.03,1776431188600,1
-19.87038230,-43.96292877,162.30,435.03,1776431188600,1
-19.87038230,-43.96292877,162.22,435.03,1776431188600,1
-19.87038803,-43.96292877,162.22,435.03,1776431188600,1
-19.87038803,-43.96294021,162.75,427.25,1776431189600,1
-19.87038803,-43.96294021,162.75,427.25,1776431189600,1
-19.87038993,-43.96294021,162.75,427.25,1776431189600,1
-19.87038993,-43.96294403,162.75,417.99,1776431190200,1
-19.87038993,-43.96294403,162.75,417.99,1776431190200,1
-19.87039375,-43.96294403,162.75,417.99,1776431190200,1
-19.87039375,-43.96295166,162.54,432.25,1776431190799,1
-19.87039375,-43.96295166,162.54,432.25,1776431190799,1
-19.87039756,-43.96295166,162.54,432.25,1776431190799,1
-19.87039756,-43.96295547,162.43,422.25,1776431191399,1
-19.87039756,-43.96295547,162.43,422.25,1776431191399,1
-19.87039756,-43.96295547,162.43,422.25,1776431191399,1
-19.87039947,-43.96295547,162.43,422.25,1776431191399,1
-19.87039947,-43.96295547,162.43,428.73,1776431192000,1
-19.87039947,-43.96295547,162.43,428.73,1776431192000,1
-19.87040710,-43.96295547,162.43,428.73,1776431192000,1
-19.87040710,-43.96296310,162.10,425.96,1776431192799,1
-19.87040710,-43.96296310,162.10,425.96,1776431192799,1
-19.87040710,-43.96296310,162.10,425.96,1776431192799,1
-19.87040710,-43.96296310,162.10,425.96,1776431192799,1
-19.87041282,-43.96296310,162.10,425.96,1776431192799,1
-19.87041282,-43.96297454,162.02,406.51,1776431193799,1
-19.87041282,-43.96297454,162.02,406.51,1776431193799,1
-19.87041282,-43.96297454,162.02,406.51,1776431193799,1
-19.87041282,-43.96297454,161.95,406.51,1776431193799,1
-19.87041664,-43.96297454,161.95,406.51,1776431193799,1
-19.87041664,-43.96297836,161.94,426.70,1776431194599,1
-19.87041854,-43.96297836,161.94,426.70,1776431194599,1
-19.87041854,-43.96297836,161.91,406.32,1776431195000,1
-19.87042236,-43.96297836,161.91,406.32,1776431195000,1
-19.87042236,-43.96298599,161.91,445.77,1776431195799,1
-19.87042236,-43.96298599,161.91,445.77,1776431195799,1
-19.87042236,-43.96298599,161.84,442.07,1776431196000,1
-19.87042236,-43.96298599,161.84,442.07,1776431196000,1
-19.87042427,-43.96298599,161.84,442.07,1776431196000,1
-19.87042427,-43.96298980,161.84,481.14,1776431196599,1
-19.87042427,-43.96298980,161.84,481.14,1776431196599,1
-19.87042427,-43.96298980,161.91,515.04,1776431196799,1
-19.87042427,-43.96299362,161.90,497.44,1776431197200,1
-19.87042427,-43.96299362,161.90,497.44,1776431197200,1
-19.87042427,-43.96299362,161.90,497.44,1776431197200,1
-19.87042427,-43.96299362,161.90,497.44,1776431197200,1
-19.87042236,-43.96299362,161.90,497.44,1776431197200,1
-19.87042236,-43.96299743,161.91,556.52,1776431198000,1
-19.87042236,-43.96299743,161.91,556.52,1776431198000,1
-19.87042236,-43.96299743,161.91,556.52,1776431198000,1
-19.87042236,-43.96299743,161.89,556.52,1776431198000,1
-19.87042236,-43.96299743,161.89,556.52,1776431198000,1
-19.87042236,-43.96299362,161.88,162.42,1776431199000,1
-19.87042236,-43.96299362,161.88,162.42,1776431199000,1
-19.87042236,-43.96299362,161.88,162.42,1776431199000,1
-19.87042236,-43.96299362,161.69,162.42,1776431199000,1
-19.87042236,-43.96299362,161.69,162.42,1776431199000,1
-19.87042236,-43.96299362,161.69,162.42,1776431199000,1
-19.87042236,-43.96299362,161.69,162.42,1776431199000,1
-19.87042236,-43.96299362,161.69,162.42,1776431199000,1
-19.87042236,-43.96299362,161.66,162.42,1776431199000,1
-19.87042236,-43.96299362,161.66,162.42,1776431199000,1
-19.87041091,-43.96299362,161.66,162.42,1776431199000,1
-19.87041091,-43.96298599,161.06,110.00,1776431201400,1
-19.87040901,-43.96298599,161.06,110.00,1776431201400,1
-19.87040901,-43.96298217,161.06,104.63,1776431201599,1
-19.87040710,-43.96298217,161.06,104.63,1776431201599,1
-19.87040710,-43.96297836,161.01,114.82,1776431202000,1
-19.87040710,-43.96297836,161.01,114.82,1776431202000,1
-19.87040710,-43.96297454,160.99,100.37,1776431202400,1
-19.87040710,-43.96297454,160.99,100.37,1776431202400,1
-19.87040328,-43.96297454,160.99,100.37,1776431202400,1
-19.87040328,-43.96297073,160.69,109.63,1776431203000,1
-19.87040328,-43.96297073,160.69,109.63,1776431203000,1
-19.87039756,-43.96297073,160.69,109.63,1776431203000,1
-19.87039756,-43.96296310,160.69,87.22,1776431203799,1
-19.87039756,-43.96296310,160.69,87.22,1776431203799,1
-19.87039756,-43.96296310,160.68,91.85,1776431204000,1
-19.87039756,-43.96296310,160.68,91.85,1776431204000,1
-19.87038993,-43.96296310,160.68,91.85,1776431204000,1
-19.87038993,-43.96295547,160.30,83.52,1776431204799,1
-19.87038993,-43.96295547,160.30,83.52,1776431204799,1
-19.87038612,-43.96295547,160.30,83.52,1776431204799,1
-19.87038612,-43.96295166,160.32,93.71,1776431205400,1
-19.87038612,-43.96295166,160.32,93.71,1776431205400,1
-19.87038612,-43.96295166,160.32,93.71,1776431205400,1
-19.87038612,-43.96295166,160.32,93.71,1776431205400,1
-19.87038612,-43.96295166,160.32,93.71,1776431205400,1
-19.87037849,-43.96295166,160.32,93.71,1776431205400,1
-19.87037849,-43.96294403,160.26,89.82,1776431206400,1
-19.87037849,-43.96294403,160.26,89.82,1776431206400,1
-19.87037467,-43.96294403,160.26,89.82,1776431206400,1
-19.87037467,-43.96293640,160.26,81.67,1776431207200,1
-19.87037277,-43.96293640,160.26,81.67,1776431207200,1
-19.87036705,-43.96293640,160.29,89.26,1776431207400,1
-19.87036705,-43.96293258,160.10,95.56,1776431207799,1
-19.87036705,-43.96293258,160.10,95.56,1776431207799,1
-19.87036705,-43.96293258,160.10,95.56,1776431207799,1
-19.87036132,-43.96293258,160.10,95.56,1776431207799,1
-19.87036132,-43.96292877,160.12,63.52,1776431208799,1
-19.87036132,-43.96292877,160.12,63.52,1776431208799,1
-19.87035751,-43.96292877,160.12,63.52,1776431208799,1
-19.87035751,-43.96292495,160.06,52.04,1776431209400,1
-19.87035560,-43.96292495,160.06,52.04,1776431209400,1
-19.87035560,-43.96292495,160.06,64.63,1776431209599,1
-19.87035179,-43.96292495,160.06,64.63,1776431209599,1
-19.87035179,-43.96292114,160.06,70.74,1776431210000,1
-19.87035179,-43.96292114,160.06,70.74,1776431210000,1
-19.87034797,-43.96292114,160.06,70.74,1776431210000,1
-19.87034797,-43.96291351,160.04,99.82,1776431210599,1
-19.87034797,-43.96291351,160.04,99.82,1776431210599,1
-19.87034797,-43.96291351,160.04,99.82,1776431210599,1
-19.87034797,-43.96291351,160.04,99.82,1776431210599,1
-19.87034797,-43.96291351,160.08,99.82,1776431210599,1
-19.87034797,-43.96291351,160.08,99.82,1776431210599,1
-19.87033843,-43.96291351,160.08,99.82,1776431210599,1
-19.87033843,-43.96290588,160.09,103.89,1776431212000,1
-19.87033843,-43.96290588,160.09,103.89,1776431212000,1
-19.87033843,-43.96290588,160.09,103.89,1776431212000,1
-19.87033843,-43.96289825,160.15,116.86,1776431212599,1
-19.87033843,-43.96289825,160.15,116.86,1776431212599,1
-19.87033271,-43.96289825,160.15,116.86,1776431212599,1
-19.87033271,-43.96289443,160.15,96.67,1776431213400,1
-19.87033271,-43.96289443,160.15,96.67,1776431213400,1
-19.87033271,-43.96289443,160.15,96.67,1776431213400,1
-19.87033271,-43.96289443,160.15,96.67,1776431213400,1
-19.87032890,-43.96289443,160.15,96.67,1776431213400,1
-19.87032890,-43.96288299,160.15,81.85,1776431214200,1
-19.87032699,-43.96288299,160.15,81.85,1776431214200,1
-19.87032699,-43.96287918,160.60,97.41,1776431214599,1
-19.87032318,-43.96287918,160.60,97.41,1776431214599,1
-19.87032318,-43.96287536,160.62,103.71,1776431215000,1
-19.87032127,-43.96287536,160.62,103.71,1776431215000,1
-19.87032127,-43.96287536,160.62,71.67,1776431215400,1
-19.87032127,-43.96287536,160.62,71.67,1776431215400,1
-19.87032318,-43.96287536,160.62,71.67,1776431215400,1
-19.87031936,-43.96287155,160.60,87.04,1776431216000,1
-19.87031936,-43.96286773,160.60,90.00,1776431216400,1
-19.87031745,-43.96286773,160.60,90.00,1776431216400,1
-19.87031745,-43.96286773,160.64,69.45,1776431216599,1
-19.87031555,-43.96286773,160.64,69.45,1776431216599,1
-19.87031555,-43.96286392,160.66,51.11,1776431217000,1
-19.87031555,-43.96286392,160.66,51.11,1776431217000,1
-19.87030982,-43.96286392,160.66,51.11,1776431217000,1
-19.87030982,-43.96285629,161.16,85.74,1776431217599,1
-19.87030982,-43.96285629,161.16,85.74,1776431217599,1
-19.87030792,-43.96285629,161.16,85.74,1776431217599,1
-19.87030792,-43.96285247,161.16,70.93,1776431218200,1
-19.87030792,-43.96285247,161.16,70.93,1776431218200,1
-19.87030792,-43.96285247,161.16,70.93,1776431218200,1
-19.87030410,-43.96285247,161.16,70.93,1776431218200,1
-19.87030410,-43.96284866,161.15,80.19,1776431219000,1
-19.87030220,-43.96284866,161.15,80.19,1776431219000,1
-19.87030220,-43.96284484,161.25,82.04,1776431219200,1
-19.87030220,-43.96284484,161.25,82.04,1776431219200,1
-19.87030220,-43.96284484,161.26,82.04,1776431219200,1
-19.87030220,-43.96284484,161.26,82.04,1776431219200,1
-19.87030220,-43.96284484,161.26,82.04,1776431219200,1
-19.87029457,-43.96284484,161.26,82.04,1776431219200,1
-19.87029457,-43.96283340,161.29,90.56,1776431220600,1
-19.87029457,-43.96283340,161.29,90.56,1776431220600,1
-19.87029457,-43.96283340,161.29,90.56,1776431220600,1
-19.87029457,-43.96283340,161.29,90.56,1776431220600,1
-19.87029838,-43.96283340,161.29,90.56,1776431220600,1
-19.87029457,-43.96282196,160.55,42.41,1776431221600,1
-19.87029266,-43.96282196,160.55,9.13,1776431222000,1
-19.87029266,-43.96282196,160.56,5.98,1776431222200,1
-19.87029266,-43.96282196,160.56,5.98,1776431222200,1
-19.87029266,-43.96282196,160.56,5.98,1776431222200,1
-19.87028312,-43.96282196,160.56,5.98,1776431222200,1
-19.87028312,-43.96281814,160.56,614.30,1776431223000,1
-19.87028121,-43.96281814,160.56,614.30,1776431223000,1
-19.87028121,-43.96282196,160.37,635.23,1776431223400,1
-19.87028121,-43.96282196,160.37,635.23,1776431223400,1
-19.87028121,-43.96282196,160.35,9.69,1776431223599,1
-19.87028121,-43.96282196,160.35,9.69,1776431223599,1
-19.87027931,-43.96282196,160.35,9.69,1776431223599,1
-19.87027931,-43.96282196,160.31,58.15,1776431224400,1
-19.87027549,-43.96282196,160.31,58.15,1776431224400,1
-19.87027359,-43.96282958,160.85,0.00,1776431224800,1
-19.87027359,-43.96282958,160.85,0.00,1776431225000,1
-19.87027359,-43.96282958,160.85,0.00,1776431225000,1
-19.87027359,-43.96282958,160.83,0.00,1776431225400,1
-19.87027359,-43.96282958,160.83,0.00,1776431225400,1
-19.87027359,-43.96282958,160.83,0.00,1776431225400,1
-19.87027359,-43.96282958,160.83,0.00,1776431226000,1
-19.87027359,-43.96282958,160.83,0.00,1776431226000,1
-19.87027359,-43.96283340,161.68,0.00,1776431226400,1
-19.87027359,-43.96283340,161.68,0.00,1776431226400,1
-19.87027359,-43.96283340,161.66,0.00,1776431226800,1
-19.87027359,-43.96283340,161.66,0.00,1776431226800,1
-19.87027359,-43.96283340,161.65,0.00,1776431227199,1
-19.87027359,-43.96283340,161.65,0.00,1776431227199,1
-19.87027359,-43.96283340,161.65,0.00,1776431227199,1
-19.87027359,-43.96283340,161.64,0.00,1776431227800,1
-19.87027359,-43.96283340,161.64,0.00,1776431227800,1
-19.87027359,-43.96283340,161.64,0.00,1776431227800,1
-19.87027359,-43.96283340,161.64,0.00,1776431227800,1
-19.87027359,-43.96283340,161.86,0.00,1776431227800,1
-19.87027359,-43.96283340,161.86,0.00,1776431227800,1
-19.87027168,-43.96283340,161.86,0.00,1776431227800,1
-19.87027168,-43.96283340,161.85,0.00,1776431229199,1
-19.87027168,-43.96283340,161.85,0.00,1776431229199,1
-19.87026786,-43.96283340,161.85,0.00,1776431229199,1
-19.87026786,-43.96284103,161.97,585.04,1776431229800,1
-19.87026786,-43.96284103,161.97,585.04,1776431229800,1
-19.87026786,-43.96284103,161.97,585.04,1776431229800,1
-19.87026786,-43.96284103,161.97,585.04,1776431229800,1
-19.87026786,-43.96284103,161.97,585.04,1776431229800,1
-19.87026786,-43.96284866,162.00,598.56,1776431230800,1
-19.87026596,-43.96284866,162.00,598.56,1776431230800,1
-19.87026596,-43.96284866,162.01,589.86,1776431231199,1
-19.87026596,-43.96284866,162.01,589.86,1776431231199,1
-19.87026596,-43.96284866,162.01,589.86,1776431231199,1
-19.87026596,-43.96284866,162.01,589.86,1776431231199,1
-19.87026214,-43.96284866,162.01,589.86,1776431231199,1
-19.87026214,-43.96285629,161.92,572.26,1776431232199,1
-19.87026023,-43.96285629,161.92,572.26,1776431232199,1
-19.87026023,-43.96285629,161.92,500.04,1776431232600,1
-19.87026023,-43.96285629,161.92,500.04,1776431232600,1
-19.87026023,-43.96285629,161.95,466.14,1776431233000,1
-19.87026023,-43.96285629,161.95,466.14,1776431233000,1
-19.87026023,-43.96285629,161.95,466.14,1776431233000,1
-19.87026023,-43.96285629,161.95,466.14,1776431233000,1
-19.87026596,-43.96285629,161.95,466.14,1776431233000,1
-19.87026596,-43.96286010,161.75,372.62,1776431234000,1
-19.87026786,-43.96286010,161.75,372.62,1776431234000,1
-19.87026786,-43.96286010,161.77,403.18,1776431234399,1
-19.87026786,-43.96286010,161.79,424.84,1776431234600,1
-19.87026786,-43.96286010,161.79,424.84,1776431234600,1
-19.87026786,-43.96286010,162.32,424.84,1776431234600,1
-19.87026786,-43.96286010,162.32,424.84,1776431234600,1
-19.87026786,-43.96286010,162.32,424.84,1776431234600,1
-19.87026786,-43.96286392,162.37,68.33,1776431235600,1
-19.87026786,-43.96286392,162.37,68.33,1776431235600,1
-19.87026786,-43.96286392,162.39,68.33,1776431235600,1
-19.87026786,-43.96286392,162.39,68.33,1776431235600,1
-19.87026786,-43.96286392,162.39,68.33,1776431235600,1
-19.87026786,-43.96286392,162.39,68.33,1776431235600,1
-19.87026786,-43.96286392,162.19,0.00,1776431236600,1
-19.87026786,-43.96286392,162.19,270.94,1776431237000,1
-19.87026786,-43.96286392,162.19,270.94,1776431237000,1
-19.87026786,-43.96286392,162.21,256.13,1776431237399,1
-19.87026786,-43.96286392,162.21,256.13,1776431237399,1
-19.87026786,-43.96286392,162.21,247.98,1776431237600,1
-19.87026977,-43.96286010,162.21,247.98,1776431237600,1
-19.87026977,-43.96286010,162.21,0.00,1776431238000,1
-19.87027168,-43.96285629,162.21,0.00,1776431238000,1
-19.87027168,-43.96285629,162.36,0.00,1776431238399,1
-19.87027168,-43.96285629,162.37,0.00,1776431238799,1
-19.87027168,-43.96285629,162.37,0.00,1776431238799,1
-19.87027168,-43.96285629,162.37,0.00,1776431238799,1
-19.87027168,-43.96285629,162.37,0.00,1776431239600,1
-19.87027168,-43.96285629,162.39,0.00,1776431239600,1
-19.87027168,-43.96285629,162.39,0.00,1776431239600,1
-19.87027740,-43.96285629,162.39,0.00,1776431240200,1
-19.87027740,-43.96285629,162.06,0.00,1776431240200,1
-19.87027740,-43.96285629,162.06,0.00,1776431240200,1
-19.87027740,-43.96285629,162.07,0.00,1776431240799,1
-19.87027740,-43.96285629,162.07,0.00,1776431240799,1
-19.87027740,-43.96285629,162.07,0.00,1776431241200,1
-19.87027740,-43.96285629,162.08,0.00,1776431241200,1
-19.87027740,-43.96285629,162.08,0.00,1776431241200,1
-19.87028121,-43.96285247,162.08,0.00,1776431241799,1
-19.87028121,-43.96285247,161.85,0.00,1776431241799,1
-19.87028121,-43.96285247,161.85,0.00,1776431241799,1
-19.87028121,-43.96285247,161.85,0.00,1776431241799,1
-19.87028121,-43.96285247,161.85,0.00,1776431241799,1
-19.87028121,-43.96285247,161.85,0.00,1776431241799,1
-19.87028121,-43.96285247,161.85,0.00,1776431241799,1
-19.87028121,-43.96285247,161.85,0.00,1776431241799,1
-19.87028121,-43.96285247,161.85,0.00,1776431241799,1
-19.87028884,-43.96285247,161.85,0.00,1776431243600,1
-19.87028884,-43.96285247,161.85,0.00,1776431243600,1
-19.87028884,-43.96285247,161.85,0.00,1776431243600,1
-19.87028884,-43.96285247,161.49,0.00,1776431244200,1
-19.87028884,-43.96285247,161.50,0.00,1776431244399,1
-19.87028884,-43.96285247,161.50,0.00,1776431244399,1
-19.87028884,-43.96285247,161.50,0.00,1776431244399,1
-19.87028884,-43.96285247,161.50,0.00,1776431244399,1
-19.87029075,-43.96285629,161.33,0.00,1776431245200,1
-19.87029075,-43.96285629,161.33,0.00,1776431245200,1
-19.87029075,-43.96285629,161.33,0.00,1776431245200,1
-19.87029075,-43.96285629,161.36,0.00,1776431245200,1
-19.87029075,-43.96285629,161.36,0.00,1776431245200,1
-19.87029075,-43.96285247,161.36,0.00,1776431246000,1
-19.87029075,-43.96285247,161.38,0.00,1776431246399,1
-19.87029266,-43.96285247,161.38,0.00,1776431246399,1
-19.87029266,-43.96285629,161.38,0.00,1776431246799,1
-19.87029266,-43.96285629,161.38,0.00,1776431246799,1
-19.87029266,-43.96285629,161.41,0.00,1776431247000,1
-19.87029457,-43.96285629,161.41,0.00,1776431247000,1
-19.87029457,-43.96285629,161.41,0.00,1776431247399,1
-19.87029457,-43.96285629,161.41,0.00,1776431247399,1
-19.87029266,-43.96285629,161.41,0.00,1776431247399,1
-19.87029266,-43.96285629,161.43,0.00,1776431248200,1
-19.87029266,-43.96285629,161.43,0.00,1776431248200,1
-19.87029457,-43.96285629,161.43,0.00,1776431248200,1
-19.87029457,-43.96285629,161.45,0.00,1776431248799,1
-19.87029457,-43.96285629,161.46,0.00,1776431248799,1
-19.87029457,-43.96285629,161.47,0.00,1776431249399,1
-19.87029457,-43.96285629,161.47,0.00,1776431249399,1
-19.87029457,-43.96285629,161.47,0.00,1776431249399,1
-19.87029457,-43.96285629,161.53,0.00,1776431249399,1
-19.87029647,-43.96285629,161.53,0.00,1776431249399,1
-19.87029647,-43.96285629,161.54,0.00,1776431250200,1
-19.87029647,-43.96285629,161.54,0.00,1776431250200,1
-19.87029647,-43.96285629,161.54,0.00,1776431250200,1
-19.87029647,-43.96285629,161.54,0.00,1776431251000,1
-19.87029647,-43.96285629,161.54,0.00,1776431251000,1
-19.87029647,-43.96285629,161.54,0.00,1776431251000,1
-19.87029647,-43.96285629,161.54,0.00,1776431251000,1
-19.87029647,-43.96285629,161.86,0.00,1776431251600,1
-19.87029647,-43.96285629,161.86,0.00,1776431252000,1
-19.87029647,-43.96285629,161.86,0.00,1776431252000,1
-19.87029647,-43.96285629,161.88,0.00,1776431252400,1
-19.87029647,-43.96285629,161.88,0.00,1776431252599,1
-19.87029647,-43.96285629,161.88,0.00,1776431252599,1
-19.87029647,-43.96285629,161.89,0.00,1776431253000,1
-19.87029647,-43.96285629,161.89,0.00,1776431253000,1
-19.87029838,-43.96285629,161.89,0.00,1776431253000,1
-19.87029838,-43.96285629,162.15,0.00,1776431253599,1
-19.87029838,-43.96285629,162.15,0.00,1776431253599,1
-19.87029838,-43.96285629,162.15,0.00,1776431253599,1
-19.87029838,-43.96285629,162.15,0.00,1776431253599,1
-19.87029838,-43.96285629,162.15,0.00,1776431253599,1
-19.87029838,-43.96285629,162.16,0.00,1776431254599,1
-19.87029838,-43.96285629,162.16,0.00,1776431254599,1
-19.87029838,-43.96285629,162.16,0.00,1776431254599,1
-19.87029838,-43.96286010,162.16,0.00,1776431255200,1
-19.87029838,-43.96286010,162.16,0.00,1776431255200,1
-19.87029838,-43.96286010,162.16,0.00,1776431255200,1
-19.87029838,-43.96286010,162.16,0.00,1776431255200,1
-19.87029838,-43.96286010,162.32,0.00,1776431255799,1
-19.87029838,-43.96286010,162.32,0.00,1776431255799,1
-19.87029838,-43.96286010,162.32,0.00,1776431255799,1
-19.87029838,-43.96286010,162.52,0.00,1776431255799,1
-19.87029838,-43.96286010,162.52,0.00,1776431255799,1
-19.87029838,-43.96286010,162.52,0.00,1776431255799,1
-19.87029838,-43.96286010,162.54,0.00,1776431257200,1
-19.87029838,-43.96286010,162.54,0.00,1776431257200,1
-19.87029838,-43.96286010,162.54,0.00,1776431257200,1
-19.87029838,-43.96286010,162.54,0.00,1776431257200,1
-19.87029838,-43.96286010,162.56,0.00,1776431258000,1
-19.87029838,-43.96286010,162.56,0.00,1776431258000,1
-19.87029838,-43.96286010,162.56,0.00,1776431258000,1
-19.87029838,-43.96285629,162.56,0.00,1776431258599,1
-19.87029838,-43.96285629,162.56,0.00,1776431258599,1
-19.87029838,-43.96285629,162.56,0.00,1776431258599,1
-19.87029838,-43.96285629,162.59,0.00,1776431259200,1
-19.87029838,-43.96285629,162.59,0.00,1776431259200,1
-19.87029838,-43.96285629,162.59,0.00,1776431259200,1
-19.87029838,-43.96285629,162.59,0.00,1776431259200,1
-19.87029457,-43.96285629,162.39,0.00,1776431259200,1
-19.87029457,-43.96285629,162.39,0.00,1776431260200,1
-19.87029457,-43.96285629,162.39,0.00,1776431260200,1
-19.87029457,-43.96285629,162.40,0.00,1776431260400,1
-19.87029457,-43.96285629,162.40,0.00,1776431260400,1
-19.87029457,-43.96285629,162.41,0.00,1776431260400,1
-19.87029457,-43.96285629,162.41,0.00,1776431260400,1
-19.87029457,-43.96285629,162.42,0.00,1776431261200,1
-19.87029075,-43.96285629,162.42,0.00,1776431261200,1
-19.87028884,-43.96285629,161.89,0.00,1776431261599,1
-19.87028884,-43.96285629,161.89,0.00,1776431262000,1
-19.87028884,-43.96285629,161.89,0.00,1776431262000,1
-19.87028884,-43.96285629,161.90,0.00,1776431262200,1
-19.87028884,-43.96285629,161.90,0.00,1776431262200,1
-19.87028884,-43.96285629,161.90,0.00,1776431262200,1
-19.87028884,-43.96285629,161.90,0.00,1776431263000,1
-19.87028694,-43.96285629,161.90,0.00,1776431263000,1
-19.87028694,-43.96285629,161.19,0.00,1776431263200,1
-19.87028694,-43.96285629,161.19,0.00,1776431263200,1
-19.87028694,-43.96285629,161.19,0.00,1776431263200,1
-19.87028694,-43.96285629,161.19,0.00,1776431264000,1
-19.87028694,-43.96285629,161.19,0.00,1776431264000,1
-19.87028694,-43.96285629,161.19,0.00,1776431264000,1
-19.87028694,-43.96285629,161.19,0.00,1776431264000,1
-19.87028694,-43.96285629,161.19,0.00,1776431264000,1
-19.87028694,-43.96285629,161.19,0.00,1776431264799,1
-19.87028694,-43.96285629,161.19,0.00,1776431264799,1
-19.87028694,-43.96285629,161.19,0.00,1776431264799,1
-19.87028694,-43.96285629,161.19,0.00,1776431264799,1
-19.87028694,-43.96285629,161.19,0.00,1776431265599,1
-19.87028694,-43.96285629,161.19,0.00,1776431265599,1
-19.87028694,-43.96285629,161.19,0.00,1776431265599,1
-19.87028694,-43.96285629,161.19,0.00,1776431266200,1
-19.87028694,-43.96285629,161.19,0.00,1776431266200,1
-19.87028694,-43.96285629,161.19,0.00,1776431266200,1
-19.87028694,-43.96285629,161.19,0.00,1776431266599,1
-19.87028694,-43.96285629,161.19,0.00,1776431267200,1
-19.87028694,-43.96285629,161.19,0.00,1776431267400,1
-19.87028694,-43.96285629,161.19,0.00,1776431267400,1
-19.87028694,-43.96285629,161.19,0.00,1776431267400,1
-19.87028694,-43.96285629,161.19,0.00,1776431268000,1
-19.87028694,-43.96285629,161.19,0.00,1776431268000,1
-19.87028694,-43.96285629,161.19,0.00,1776431268000,1
-19.87028694,-43.96285629,161.19,0.00,1776431268000,1
-19.87028694,-43.96285629,161.19,0.00,1776431268000,1
-19.87028694,-43.96285629,161.19,0.00,1776431269000,1
-19.87028694,-43.96285629,161.19,0.00,1776431269000,1
-19.87028694,-43.96285629,161.19,0.00,1776431269000,1
-19.87028694,-43.96285629,161.19,0.00,1776431269000,1
-19.87028694,-43.96285629,161.19,0.00,1776431269000,1
-19.87028694,-43.96285629,161.19,0.00,1776431269000,1
-19.87028694,-43.96285629,161.19,0.00,1776431270200,1
-19.87028694,-43.96285629,161.19,0.00,1776431270200,1
-19.87028694,-43.96285629,161.19,0.00,1776431270599,1
-19.87028694,-43.96285629,161.19,0.00,1776431270599,1
-19.87028694,-43.96285629,161.19,0.00,1776431271000,1
-19.87028694,-43.96285629,161.19,0.00,1776431271000,1
-19.87028694,-43.96285629,161.19,0.00,1776431271400,1
-19.87028694,-43.96285629,161.19,0.00,1776431271400,1
-19.87028694,-43.96285629,161.19,0.00,1776431271400,1
-19.87028694,-43.96285629,161.19,0.00,1776431271400,1
-19.87028694,-43.96285629,161.19,0.00,1776431271400,1
-19.87028694,-43.96285629,161.19,0.00,1776431271400,1
-19.87028694,-43.96285629,161.19,0.00,1776431272599,1
-19.87028694,-43.96285629,161.19,0.00,1776431273000,1
-19.87028694,-43.96285629,161.19,0.00,1776431273000,1
-19.87028694,-43.96285629,161.19,0.00,1776431273000,1
-19.87028694,-43.96285629,161.19,0.00,1776431273000,1
-19.87028694,-43.96285629,161.19,0.00,1776431273599,1
-19.87028694,-43.96285629,161.19,0.00,1776431273599,1
-19.87028694,-43.96285629,161.19,0.00,1776431273599,1
-19.87028694,-43.96285629,161.19,0.00,1776431274200,1
-19.87028694,-43.96285629,161.19,0.00,1776431274200,1
-19.87028694,-43.96285629,161.19,0.00,1776431274599,1
-19.87028694,-43.96285629,161.19,0.00,1776431275000,1
-19.87028694,-43.96285629,161.19,0.00,1776431275000,1
-19.87028694,-43.96285629,161.19,0.00,1776431275000,1